# Thu 10:19:58 02-Apr-2015
begin	n5548_lyalpha2
	task	specfit
components	22
		powerlaw
		gaussian
		gaussian
		gaussian
		gaussian
		gaussian
		gaussian
		gaussian
		gaussian
		gaussian
		gaussian
		gaussian
		gaussian
		gaussian
		gaussian
		gaussian
		gaussian
		gaussian
		gaussian
		gaussian
		gaussian
		dampabs
		powerlaw1	2 
		     4.404877E-14        0.  1.00E-11 1.000000E-14  1.00E-5   0
		           1000.0        0.  1.00E-11 1.000000E-14  1.00E-5  -1
		        0.0791134       -5.        5.          0.1  1.00E-5   0
		gaussian2	4 
		     2.000000E-14        0.  1.00E-10 1.000000E-15  1.00E-4  -1
		         1195.006     1000.     2000.         0.02  1.00E-4  -1
		         861.4926     1000.    20000.           1.  1.00E-4  -1
		               1.        1.        1.           1.  1.00E-4  -1
		gaussian3	4 # Ly alpha - NLR, ILR,  medium,  very broad
		     1.438015E-14        0.  1.00E-10 1.000000E-15  1.00E-4  -1
		         1226.392     1000.     2000.          0.5  1.00E-4  -1
		         861.4926      500.    20000.           1.  1.00E-4   2
		               1.        1.        1.           1.  1.00E-4  -1
		gaussian4	4 
		     2.020000E-13        0.  1.00E-10 1.000000E-14  1.00E-4  -1
		         1236.729     1000.     2000.         0.01  1.00E-4  -1
		         255.4998      100.     2000.          50.  1.00E-4  -1
		               1.        1.        1.           1.  1.00E-4  -1
		gaussian5	4 
		     5.474183E-13        0.  1.00E-10 1.000000E-14  1.00E-4  -1
		         1235.996     1000.     2000.          0.1  1.00E-4  -1
		         861.4926      100.     2000.          50.  1.00E-4  -1
		               1.        1.        1.           1.  1.00E-4  -1
		gaussian6	4 
		     2.221930E-12        0.  1.00E-10 1.000000E-14  1.00E-4   0
		         1235.138     1000.     2000.          0.5  1.00E-4  -1
		          3040.59      100.    20000.         250.  1.00E-4  -1
		               1.        1.        1.           1.  1.00E-4  -1
		gaussian7	4 
		     2.951626E-12        0.  1.00E-10 5.000000E-13  1.00E-4   0
		         1231.589     1000.     2000.           1.  1.00E-4  -1
		         8133.099      500.    50000.         200.  1.00E-4  -1
		               1.        1.        1.           1.  1.00E-4  -1
		gaussian8	4 # N V - 2 NLR, 2 ILR, 2 medium, 1 very broad
		     1.705819E-12        0.  1.00E-10 1.000000E-13  1.00E-4   0
		         1237.643      900.     3000.          1.5  1.00E-4  -1
		         18183.71     1200.    1.20E5         500.  1.00E-4  -1
		               1.        1.        1.           1.  1.00E-4  -1
		gaussian9	4 
		     1.217935E-14        0.  1.00E-10 1.000000E-15  1.00E-4  -1
		         1259.753     1000.     2000.         0.02  1.00E-4  -1
		         255.4998      100.     2000.           1.  1.00E-4   4
		               1.        1.        1.           1.  1.00E-4  -1
		gaussian10	4 
		     1.217935E-14        0.  1.00E-11           1.  1.00E-4   9
		         1263.803     1150.     2000.     1.003215  1.00E-4   9
		         255.4998       30.    12000.           1.  1.00E-4   9
		               1.        1.        1.           1.  1.00E-4  -1
		gaussian11	4 
		     6.219548E-15        0.  1.00E-10 1.000000E-14  1.00E-4  -1
		         1259.533     1000.     2000.     1.019043  1.00E-4   5
		         861.4926      100.     2000.           1.  1.00E-4   5
		               1.        1.        1.           1.  1.00E-4  -1
		gaussian12	4 
		     6.219548E-15        0.  1.00E-11           1.  1.00E-4  11
		         1263.582     1150.     2000.     1.003215  1.00E-4  11
		         861.4926       30.    12000.           1.  1.00E-4  11
		               1.        1.        1.           1.  1.00E-4  -1
		gaussian13	4 
		     2.029655E-13        0.  1.00E-10 1.000000E-15  1.00E-4   0
		         1258.659     1000.     2000.     1.019043  1.00E-4   6
		          3040.59      500.    50000.           1.  1.00E-4   6
		               1.        1.        1.           1.  1.00E-4  -1
		gaussian14	4 
		     2.029655E-13        0.  1.00E-10           1.  1.00E-4  13
		         1262.705     1150.     2000.     1.003215  1.00E-4  13
		          3040.59      500.    50000.           1.  1.00E-4  13
		               1.        1.        1.           1.  1.00E-4  -1
		gaussian15	4 
		     1.203628E-13        0.  1.00E-10 5.000000E-13  1.00E-4   0
		         1255.042     1000.     2000.     1.019043  1.00E-4   7
		         8133.099      500.    50000.           1.  1.00E-4   7
		               1.        1.        1.           1.  1.00E-4  -1
		gaussian16	4 
		     1.203628E-13        0.  1.00E-10           1.  1.00E-4  15
		         1259.077     1150.     2000.     1.003215  1.00E-4  15
		         8133.099      500.    50000.           1.  1.00E-4  15
		               1.        1.        1.           1.  1.00E-4  -1
		gaussian17	4 
		     6.808015E-14        0.  1.00E-10 5.000000E-15  1.00E-4  -1
		          1263.24     1000.     2000.     1.020682  1.00E-4   8
		         18183.71     1500.    25000.           1.  1.00E-4   8
		               1.        1.        1.           1.  1.00E-4  -1
		gaussian18	4 # C III broad absorption
		    -1.000000E-15 -1.00E-10        0. 1.000000E-15  1.00E-4  -1
		            1194.     1000.     2000.          0.2  1.00E-4  -1
		         2561.741      200.    20000.           1.  1.00E-4  19
		               1.        1.        1.           1.  1.00E-4  -1
		gaussian19	4 #  Ly alpha broad absorption
		    -7.552975E-13 -1.00E-10        0. 1.000000E-14  1.00E-4   0
		         1231.651     1000.     2000.          0.2  1.00E-4   0
		         2561.741      200.    20000.         200.  1.00E-4   0
		               1.        1.        1.           1.  1.00E-4  -1
		gaussian20	4 # N V broad absorption
		    -5.955920E-14 -1.00E-10        0. 1.000000E-15  1.00E-4   0
		         1253.304     1000.     2000.         0.02  1.00E-4   0
		         2561.741      200.    20000.           1.  1.00E-4  19
		               1.        1.        1.           1.  1.00E-4  -1
		gaussian21	4 # N V broad absorption
		    -5.955920E-14 -1.00E-10        0.           1.  1.00E-4  20
		         1257.333     1150.     2000.     1.003215  1.00E-4  20
		         2561.741      200.    20000.           1.  1.00E-4  20
		               1.        1.        1.           1.  1.00E-4  -1
		dampabs22	3 # Galactic damped Ly alpha
		      6.035000E19   3.00E15   3.00E21  4.000000E18  1.00E-4  -1
		         1215.545      900.     1500.         0.01  1.00E-4  -1
		       626000000.    1.00E8   1.00E10    10000000.  1.00E-4  -1
